400
84
2 0.016 4 0.002 5
3 0.000 4 0.016 5 0.002 6
3 0.000 5 0.016 6 0.002 7
2 0.000 6 0.016 7
4 0.781 0 0.020 5 0.016 8 0.002 9
6 0.781 1 0.001 4 0.020 6 0.000 8 0.016 9 0.002 10
6 0.781 2 0.001 5 0.020 7 0.000 9 0.016 10 0.002 11
4 0.781 3 0.001 6 0.000 10 0.016 11
4 0.781 4 0.020 9 0.016 12 0.002 13
6 0.781 5 0.001 8 0.020 10 0.000 12 0.016 13 0.002 14
6 0.781 6 0.001 9 0.020 11 0.000 13 0.016 14 0.002 15
4 0.781 7 0.001 10 0.000 14 0.016 15
4 0.781 8 0.020 13 0.016 16 0.002 17
6 0.781 9 0.001 12 0.020 14 0.000 16 0.016 17 0.002 18
6 0.781 10 0.001 13 0.020 15 0.000 17 0.016 18 0.002 19
4 0.781 11 0.001 14 0.000 18 0.016 19
4 0.781 12 0.020 17 0.016 20 0.002 21
6 0.781 13 0.001 16 0.020 18 0.000 20 0.016 21 0.002 22
6 0.781 14 0.001 17 0.020 19 0.000 21 0.016 22 0.002 23
4 0.781 15 0.001 18 0.000 22 0.016 23
4 0.781 16 0.020 21 0.016 24 0.002 25
6 0.781 17 0.001 20 0.020 22 0.000 24 0.016 25 0.002 26
6 0.781 18 0.001 21 0.020 23 0.000 25 0.016 26 0.002 27
4 0.781 19 0.001 22 0.000 26 0.016 27
4 0.781 20 0.020 25 0.016 28 0.002 29
6 0.781 21 0.001 24 0.020 26 0.000 28 0.016 29 0.002 30
6 0.781 22 0.001 25 0.020 27 0.000 29 0.016 30 0.002 31
4 0.781 23 0.001 26 0.000 30 0.016 31
4 0.781 24 0.020 29 0.016 32 0.002 33
6 0.781 25 0.001 28 0.020 30 0.000 32 0.016 33 0.002 34
6 0.781 26 0.001 29 0.020 31 0.000 33 0.016 34 0.002 35
4 0.781 27 0.001 30 0.000 34 0.016 35
4 0.781 28 0.020 33 0.016 36 0.002 37
6 0.781 29 0.001 32 0.020 34 0.000 36 0.016 37 0.002 38
6 0.781 30 0.001 33 0.020 35 0.000 37 0.016 38 0.002 39
4 0.781 31 0.001 34 0.000 38 0.016 39
4 0.781 32 0.020 37 0.016 40 0.002 41
6 0.781 33 0.001 36 0.020 38 0.000 40 0.016 41 0.002 42
6 0.781 34 0.001 37 0.020 39 0.000 41 0.016 42 0.002 43
4 0.781 35 0.001 38 0.000 42 0.016 43
4 0.781 36 0.020 41 0.016 44 0.002 45
6 0.781 37 0.001 40 0.020 42 0.000 44 0.016 45 0.002 46
6 0.781 38 0.001 41 0.020 43 0.000 45 0.016 46 0.002 47
4 0.781 39 0.001 42 0.000 46 0.016 47
4 0.781 40 0.020 45 0.016 48 0.002 49
6 0.781 41 0.001 44 0.020 46 0.000 48 0.016 49 0.002 50
6 0.781 42 0.001 45 0.020 47 0.000 49 0.016 50 0.002 51
4 0.781 43 0.001 46 0.000 50 0.016 51
4 0.781 44 0.020 49 0.016 52 0.002 53
6 0.781 45 0.001 48 0.020 50 0.000 52 0.016 53 0.002 54
6 0.781 46 0.001 49 0.020 51 0.000 53 0.016 54 0.002 55
4 0.781 47 0.001 50 0.000 54 0.016 55
4 0.781 48 0.020 53 0.016 56 0.002 57
6 0.781 49 0.001 52 0.020 54 0.000 56 0.016 57 0.002 58
6 0.781 50 0.001 53 0.020 55 0.000 57 0.016 58 0.002 59
4 0.781 51 0.001 54 0.000 58 0.016 59
4 0.781 52 0.020 57 0.016 60 0.002 61
6 0.781 53 0.001 56 0.020 58 0.000 60 0.016 61 0.002 62
6 0.781 54 0.001 57 0.020 59 0.000 61 0.016 62 0.002 63
4 0.781 55 0.001 58 0.000 62 0.016 63
4 0.781 56 0.020 61 0.016 64 0.002 65
6 0.781 57 0.001 60 0.020 62 0.000 64 0.016 65 0.002 66
6 0.781 58 0.001 61 0.020 63 0.000 65 0.016 66 0.002 67
4 0.781 59 0.001 62 0.000 66 0.016 67
4 0.781 60 0.020 65 0.016 68 0.002 69
6 0.781 61 0.001 64 0.020 66 0.000 68 0.016 69 0.002 70
6 0.781 62 0.001 65 0.020 67 0.000 69 0.016 70 0.002 71
4 0.781 63 0.001 66 0.000 70 0.016 71
4 0.781 64 0.020 69 0.016 72 0.002 73
6 0.781 65 0.001 68 0.020 70 0.000 72 0.016 73 0.002 74
6 0.781 66 0.001 69 0.020 71 0.000 73 0.016 74 0.002 75
4 0.781 67 0.001 70 0.000 74 0.016 75
4 0.781 68 0.020 73 0.016 76 0.002 77
6 0.781 69 0.001 72 0.020 74 0.000 76 0.016 77 0.002 78
6 0.781 70 0.001 73 0.020 75 0.000 77 0.016 78 0.002 79
4 0.781 71 0.001 74 0.000 78 0.016 79
4 0.781 72 0.020 77 0.016 80 0.002 81
6 0.781 73 0.001 76 0.020 78 0.000 80 0.016 81 0.002 82
6 0.781 74 0.001 77 0.020 79 0.000 81 0.016 82 0.002 83
4 0.781 75 0.001 78 0.000 82 0.016 83
2 0.781 76 0.020 81
3 0.781 77 0.001 80 0.020 82
3 0.781 78 0.001 81 0.020 83
2 0.781 79 0.001 82